0,0,0,0,0,0,0,0,0,0,0,0,0,0,0,0,0,0
0,0,0,0,0,0,0,0,0,0,0,0,0,0,0,0,0,0
0,0,1,1,1,0,0,0,0,0,1,1,1,1,1,1,0,0
0,0,1,-1,1,0,0,1,0,0,1,1,1,1,4,1,0,0
0,0,1,1,1,0,0,0,0,0,1,1,1,1,0,0,0,0
0,0,0,0,0,0,0,0,0,0,0,1,1,1,0,0,0,0
0,0,0,0,0,0,0,0,0,0,0,0,0,1,1,0,0,0
0,0,0,0,0,0,0,0,0,0,0,0,0,0,1,0,0,0
0,0,0,0,0,0,0,0,0,0,0,0,0,0,1,0,0,0
0,0,0,0,0,0,0,0,0,0,0,0,0,1,1,0,0,0
0,0,0,0,0,0,1,1,1,1,1,0,0,1,1,0,0,0
0,0,0,0,0,0,1,3,0,0,1,1,1,2,1,0,0,0
0,0,0,0,0,0,0,0,0,0,0,0,0,0,0,0,0,0
0,0,0,0,0,0,0,0,0,0,0,0,0,0,0,0,0,0

4: (3,14): phan doi: (3,11)(3,14)			
3: (11,7) toggle (3,5)(3,6)			
2: (11,13) toggle (3,7)(3,8)- (4,14)(5,14)